0 0 1 0 -0.0
1 0 0 0 1.46875                   ERROR!
1 1 1 1 -0.28125
0 1 1 1 -0.5                   ERROR!
0 0 0 0 0.8125
0 0 0 0 1.4375
1 0 0 0 0.3125                   ERROR!
0 1 1 1 -1.5                   ERROR!
0 0 0 0 0.78125
1 0 0 0 1.75                   ERROR!
1 1 1 1 -0.25
0 1 1 1 -0.5625                   ERROR!
1 0 0 0 1.15625                   ERROR!
1 1 1 1 -0.90625
1 1 1 1 -0.5625
1 1 1 1 -0.125
1 1 1 1 -1.34375
1 1 0 1 -0.4375
0 1 1 1 -1.96875                   ERROR!
1 0 1 0 0.40625                   ERROR!
0 1 1 1 -1.6875                   ERROR!
0 0 0 0 1.8125
1 0 0 0 1.46875                   ERROR!
0 1 1 1 -1.71875                   ERROR!
0 0 0 0 1.125
1 0 0 0 0.71875                   ERROR!
1 1 1 1 -0.40625
1 1 1 1 -0.84375
1 1 1 1 -1.75
1 1 1 1 -0.6875
1 1 1 1 -1.125
1 1 1 1 -0.875
0 1 1 1 -1.40625                   ERROR!
0 0 0 0 1.9375
0 0 0 0 0.75
1 0 0 0 2.15625                   ERROR!
1 1 0 1 -0.28125
0 1 1 1 -0.78125                   ERROR!
1 0 0 0 1.90625                   ERROR!
1 1 1 1 -0.71875
1 1 1 1 -1.34375
0 1 1 1 -2.25                   ERROR!
1 0 0 0 0.53125                   ERROR!
0 1 1 1 -1.5                   ERROR!
1 0 0 0 1.75                   ERROR!
0 1 1 1 -0.8125                   ERROR!
1 0 0 0 1.09375                   ERROR!
0 1 1 1 -2.0625                   ERROR!
0 0 0 0 1.03125
0 0 0 0 1.5
0 0 0 0 0.9375
1 0 0 0 0.75                   ERROR!
0 1 1 1 -1.15625                   ERROR!
0 0 0 0 0.375
1 0 0 0 1.9375                   ERROR!
1 1 1 1 -1.28125
0 1 1 1 -0.75                   ERROR!
1 0 0 0 1.15625                   ERROR!
0 1 1 1 -0.78125                   ERROR!
1 0 0 0 0.96875                   ERROR!
1 1 1 1 -1.75
1 1 1 1 -1.28125
1 1 1 1 -0.65625
0 1 1 1 -0.1875                   ERROR!
0 0 0 0 1.46875
0 0 0 0 0.09375
0 0 0 0 1.59375
0 0 0 0 0.34375
1 0 0 0 1.59375                   ERROR!
0 1 1 1 -1.75                   ERROR!
0 0 0 0 0.28125
0 0 0 0 1.34375
1 0 0 0 0.78125                   ERROR!
0 1 1 1 -1.0625                   ERROR!
0 0 0 0 1.46875
1 0 0 0 1.6875                   ERROR!
1 1 1 1 -1.0
1 1 1 1 -1.90625
0 1 1 1 -1.34375                   ERROR!
1 0 0 0 0.625                   ERROR!
1 1 1 1 -1.4375
1 1 1 1 -1.0625
0 1 1 1 -1.59375                   ERROR!
0 0 0 0 0.53125
0 0 0 0 0.4375
0 0 0 0 1.9375
0 0 0 0 0.59375
1 0 0 0 1.71875                   ERROR!
1 1 1 1 -0.96875
0 1 1 1 -1.03125                   ERROR!
0 0 0 0 0.4375
0 0 0 0 0.9375
1 0 0 0 1.84375                   ERROR!
0 1 1 1 -1.09375                   ERROR!
0 0 0 0 0.5625
1 0 0 0 1.375                   ERROR!
0 1 1 1 -0.8125                   ERROR!
0 0 0 0 0.875
1 0 0 0 0.5625                   ERROR!
0 1 1 1 -0.25                   ERROR!
1 0 1 0 0.0625                   ERROR!
0 1 1 1 -1.03125                   ERROR!
0 0 0 0 1.15625
1 0 0 0 1.375                   ERROR!
1 1 1 1 -2.15625
1 1 1 1 -1.21875
0 1 1 1 -1.125                   ERROR!
0 0 0 0 2.25
1 0 0 0 1.03125                   ERROR!
0 0 1 1 -1.21875
1 0 0 0 1.53125                   ERROR!
1 1 1 1 -1.125
0 0 1 1 -0.46875
0 0 0 0 0.375
0 0 0 0 1.03125
0 0 0 0 1.46875
0 0 0 0 1.125
1 0 0 0 1.3125                   ERROR!
0 1 1 1 -0.5                   ERROR!
0 1 0 0 0.1875                   ERROR!
1 0 0 0 1.34375                   ERROR!
0 1 1 1 -0.9375                   ERROR!
1 1 0 0 0.90625
0 1 1 1 -0.84375                   ERROR!
1 0 0 0 0.84375                   ERROR!
0 1 1 1 -2.125                   ERROR!
0 0 0 0 1.9375
1 0 0 0 0.8125                   ERROR!
0 1 1 1 -1.6875                   ERROR!
0 0 0 0 1.75
1 0 0 0 1.28125                   ERROR!
0 1 1 1 -1.40625                   ERROR!
0 0 0 0 1.3125
0 0 0 0 1.8125
1 0 1 0 0.3125                   ERROR!
1 1 1 1 -1.0625
1 1 1 1 -1.3125
0 1 1 1 -1.1875                   ERROR!
1 0 0 0 1.625                   ERROR!
1 1 1 1 -1.96875
1 1 1 1 -2.0
1 1 1 1 -1.15625
1 0 1 1 -1.09375                   ERROR!
1 1 1 1 -1.4375
1 1 1 1 -0.96875
0 1 1 1 -1.21875                   ERROR!
0 0 0 0 0.9375
1 0 0 0 -0.0                   ERROR!
0 1 1 1 -0.84375                   ERROR!
0 0 0 0 0.59375
0 0 0 0 0.40625
1 0 0 0 0.78125                   ERROR!
1 1 1 1 -0.125
0 1 1 1 -1.21875                   ERROR!
1 0 0 0 1.28125                   ERROR!
1 1 1 1 -1.5625
1 1 1 1 -1.375
0 1 1 1 -1.21875                   ERROR!
0 0 0 0 0.96875
0 0 0 0 1.0
0 0 0 0 0.40625
0 0 0 0 1.625
0 0 0 0 1.84375
1 0 0 0 0.625                   ERROR!
1 1 1 1 -1.59375
0 1 1 1 -0.21875                   ERROR!
0 0 0 0 0.78125
1 0 0 0 1.59375                   ERROR!
1 1 1 1 -1.59375
1 1 1 1 -1.46875
1 1 1 1 -0.78125
1 1 1 1 -1.5625
1 1 1 1 -1.4375
1 0 1 1 -0.25                   ERROR!
0 1 1 1 -0.875                   ERROR!
1 0 0 0 0.8125                   ERROR!
0 1 1 1 -1.625                   ERROR!
0 0 0 0 1.90625
1 0 0 0 1.625                   ERROR!
0 1 1 1 -0.5625                   ERROR!
1 0 0 0 1.21875                   ERROR!
0 1 1 1 -0.5                   ERROR!
0 0 0 0 1.75
1 0 0 0 0.75                   ERROR!
1 1 1 1 -2.25
0 1 1 1 -2.21875                   ERROR!
0 0 0 0 1.5
0 0 0 0 1.3125
0 0 0 0 1.59375
0 0 0 0 0.96875
1 0 0 0 1.3125                   ERROR!
0 1 1 1 -2.46875                   ERROR!
0 0 0 0 0.0625
1 0 0 0 1.15625                   ERROR!
0 1 1 1 -1.40625                   ERROR!
1 0 0 0 0.46875                   ERROR!
1 1 1 1 -0.125
0 1 1 1 -1.75                   ERROR!
0 0 0 0 1.5625
1 0 0 0 0.6875                   ERROR!
1 1 1 1 -1.84375
0 1 1 1 -1.5                   ERROR!
1 0 0 0 0.53125                   ERROR!
0 1 1 1 -0.5                   ERROR!
1 0 0 0 0.71875                   ERROR!
0 1 0 1 -0.53125                   ERROR!
1 0 1 0 0.21875                   ERROR!
1 1 1 1 -0.9375
1 1 1 1 -1.0
0 1 1 1 -1.28125                   ERROR!
1 0 0 0 1.40625                   ERROR!
1 1 1 1 -1.40625
0 1 1 1 -0.53125                   ERROR!
1 0 0 0 1.625                   ERROR!
0 1 1 1 -0.71875                   ERROR!
0 0 0 0 1.96875
0 0 0 0 1.78125
0 0 0 0 0.78125
0 0 0 0 1.0625
0 0 0 0 1.6875
1 0 0 0 0.625                   ERROR!
1 1 1 1 -1.8125
0 0 0 0 0.78125
1 0 0 0 0.90625                   ERROR!
0 1 1 1 -0.1875                   ERROR!
1 0 0 0 1.375                   ERROR!
1 1 0 1 -0.1875
0 1 1 1 -0.625                   ERROR!
1 0 0 0 0.46875                   ERROR!
0 1 1 1 -0.5                   ERROR!
1 0 0 0 0.71875                   ERROR!
1 1 1 1 -1.03125
1 1 1 1 -0.28125
1 1 1 1 -1.9375
0 1 1 1 -0.75                   ERROR!
0 0 0 0 0.25
0 0 0 0 1.0
1 0 0 0 0.0625                   ERROR!
1 1 1 1 -1.53125
0 1 1 1 -1.5625                   ERROR!
0 0 0 0 0.6875
1 0 0 0 1.71875                   ERROR!
0 1 1 1 -0.34375                   ERROR!
0 0 0 0 1.15625
1 0 0 0 0.84375                   ERROR!
0 1 1 1 -1.5625                   ERROR!
0 0 1 0 0.25
1 0 0 0 1.96875                   ERROR!
0 1 1 1 -1.03125                   ERROR!
1 0 0 0 1.125                   ERROR!
0 1 1 1 -0.625                   ERROR!
1 0 0 0 1.375                   ERROR!
1 1 1 1 -1.1875
1 1 1 1 -0.34375
0 1 1 1 -1.1875                   ERROR!
0 0 0 0 1.90625
1 0 0 0 1.0                   ERROR!
0 1 1 1 -0.5                   ERROR!
1 0 1 0 0.28125                   ERROR!
0 1 1 1 -0.28125                   ERROR!
0 0 0 0 1.125
0 0 0 0 2.375
1 0 0 0 1.40625                   ERROR!
1 1 1 1 -0.1875
0 1 1 1 -0.40625                   ERROR!
0 0 0 0 0.40625
1 0 0 0 1.28125                   ERROR!
1 1 1 1 -1.0625
1 1 1 1 -0.96875
1 1 1 1 -1.625
1 1 1 1 -1.03125
1 1 1 1 -1.46875
0 1 1 1 -1.625                   ERROR!
0 0 0 0 1.0
0 0 0 0 0.78125
1 0 0 0 1.78125                   ERROR!
0 1 1 1 -2.09375                   ERROR!
1 0 0 0 0.71875                   ERROR!
0 1 1 1 -0.21875                   ERROR!
1 0 0 0 1.1875                   ERROR!
1 1 1 1 -0.53125
1 1 0 1 -0.34375
1 1 1 1 -0.6875
0 1 1 1 -0.40625                   ERROR!
0 0 0 0 1.0
1 0 0 0 1.1875                   ERROR!
0 1 1 1 -2.53125                   ERROR!
0 0 0 0 -0.0
0 0 0 0 0.65625
0 0 0 0 0.78125
1 0 0 0 1.40625                   ERROR!
1 1 1 1 -0.40625
1 1 0 1 -0.15625
1 1 1 1 -1.21875
1 1 1 1 -0.71875
1 1 1 1 -1.65625
0 1 1 1 -2.09375                   ERROR!
0 1 1 1 -0.1875                   ERROR!
0 0 0 0 2.4375
1 0 0 0 1.65625                   ERROR!
0 1 1 1 -1.375                   ERROR!
1 0 0 0 0.8125                   ERROR!
1 1 1 1 -0.5625
1 1 1 1 -0.71875
0 1 1 1 -0.875                   ERROR!
0 0 0 0 0.8125
0 0 0 0 0.28125
1 0 0 0 0.96875                   ERROR!
1 1 1 1 -1.25
0 1 1 1 -1.0625                   ERROR!
1 0 0 0 1.125                   ERROR!
1 1 1 1 -1.0625
0 1 1 1 -1.0625                   ERROR!
1 0 0 0 1.03125                   ERROR!
1 1 1 1 -1.25
0 1 1 1 -0.625                   ERROR!
0 0 1 0 0.65625
0 0 0 0 1.1875
0 0 0 0 2.28125
1 0 0 0 1.1875                   ERROR!
1 1 1 1 -1.34375
0 0 0 0 0.125
1 0 0 0 2.15625                   ERROR!
0 1 1 1 -1.25                   ERROR!
0 0 0 0 1.28125
1 0 0 0 1.0625                   ERROR!
1 1 1 1 -1.40625
0 1 1 1 -0.4375                   ERROR!
0 0 0 0 1.65625
1 0 0 0 2.1875                   ERROR!
0 1 1 1 -0.25                   ERROR!
0 0 0 0 1.71875
0 0 0 0 1.09375
1 1 1 1 -1.125
1 1 1 1 -2.0
1 1 1 1 -1.1875
0 1 1 1 -1.28125                   ERROR!
1 0 0 0 0.5                   ERROR!
1 1 1 1 -0.34375
1 1 1 1 -1.375
1 1 1 1 -1.1875
1 1 1 1 -0.84375
1 1 1 1 -0.375
1 1 1 1 -2.1875
1 0 0 0 0.1875                   ERROR!
0 1 1 1 -1.625                   ERROR!
0 0 0 0 1.15625
0 0 0 0 0.375
1 0 1 1 -0.59375                   ERROR!
1 1 1 1 -0.9375
1 1 1 1 -1.09375
0 1 1 1 -1.75                   ERROR!
1 0 0 0 0.40625                   ERROR!
0 1 1 1 -0.625                   ERROR!
0 0 0 0 0.875
0 0 0 0 1.40625
1 0 0 0 0.8125                   ERROR!
1 1 1 1 -0.59375
1 1 1 1 -1.21875
0 1 1 1 -1.5                   ERROR!
0 0 0 0 1.1875
1 0 0 0 0.09375                   ERROR!
1 1 1 1 -1.21875
0 1 1 1 -2.0                   ERROR!
0 0 0 0 0.8125
1 0 0 0 0.9375                   ERROR!
0 1 1 1 -0.875                   ERROR!
1 0 0 0 1.15625                   ERROR!
1 1 1 1 -1.625
0 1 1 1 -1.375                   ERROR!
1 0 0 0 0.8125                   ERROR!
1 1 1 1 -1.65625
1 1 0 1 -0.03125
0 1 1 1 -1.21875                   ERROR!
1 0 0 0 1.0                   ERROR!
0 1 1 1 -0.28125                   ERROR!
1 0 1 0 0.1875                   ERROR!
1 1 1 1 -1.3125
1 1 0 1 -0.125
0 1 1 1 -1.375                   ERROR!
0 0 0 0 0.53125
1 0 0 0 1.46875                   ERROR!
1 1 1 1 -1.625
1 1 1 1 -0.03125
0 1 1 1 -2.5                   ERROR!
0 0 0 0 1.78125
0 0 0 0 1.28125
1 0 0 0 1.0625                   ERROR!
0 1 1 1 -1.3125                   ERROR!
0 0 0 0 1.125
0 0 0 0 2.21875
0 0 0 0 0.78125
0 0 0 0 1.8125
0 0 0 0 1.125
1 0 0 0 1.96875                   ERROR!
0 1 1 1 -1.3125                   ERROR!
1 0 0 0 0.3125                   ERROR!
0 1 1 1 -0.96875                   ERROR!
0 0 0 0 0.59375
0 0 0 0 0.5625
1 0 0 0 1.09375                   ERROR!
1 1 1 1 -0.5
1 1 1 1 -1.5625
1 1 1 1 -1.53125
1 1 1 1 -1.0625
0 1 1 1 -1.125                   ERROR!
1 0 0 0 1.71875                   ERROR!
1 1 1 1 -1.0625
1 1 1 1 -2.0
1 1 1 1 -1.90625
0 1 1 1 -1.625                   ERROR!
0 0 0 0 1.0
1 0 0 0 0.84375                   ERROR!
1 1 1 1 -1.03125
0 1 1 1 -0.875                   ERROR!
0 0 1 0 0.125
1 0 0 0 1.0                   ERROR!
1 1 1 1 -0.25
0 1 1 1 -0.96875                   ERROR!
0 0 0 0 0.3125
0 0 0 0 1.28125
0 0 0 0 1.71875
0 0 0 0 1.03125
1 0 0 0 0.625                   ERROR!
1 1 1 1 -1.46875
1 1 1 1 -1.125
0 1 1 1 -0.25                   ERROR!
1 0 0 0 0.75                   ERROR!
0 1 1 1 -2.03125                   ERROR!
1 0 1 0 0.375                   ERROR!
1 1 1 1 -1.15625
1 1 1 1 -0.96875
1 1 1 1 -1.5625
1 1 1 1 -1.0
1 1 1 1 -0.375
1 1 1 1 -0.15625
0 1 1 1 -1.1875                   ERROR!
0 0 0 0 1.15625
1 0 0 0 0.5                   ERROR!
0 1 1 1 -1.375                   ERROR!
0 0 0 0 0.125
0 1 0 0 0.15625                   ERROR!
1 0 0 0 0.84375                   ERROR!
1 1 1 1 -0.9375
1 1 1 1 -0.34375
0 1 1 1 -1.21875                   ERROR!
1 0 0 0 0.25                   ERROR!
0 1 1 1 -0.75                   ERROR!
1 0 0 0 0.3125                   ERROR!
1 1 1 1 -1.4375
1 1 1 1 -0.75
0 1 1 1 -1.59375                   ERROR!
1 0 0 0 0.34375                   ERROR!
1 1 1 1 -0.9375
0 1 1 1 -1.0                   ERROR!
0 0 0 0 0.34375
1 0 0 0 0.65625                   ERROR!
1 1 1 1 -1.15625
0 1 1 1 -1.125                   ERROR!
0 0 0 0 0.84375
1 0 0 0 1.09375                   ERROR!
0 0 0 0 0.84375
1 0 0 0 0.59375                   ERROR!
1 1 1 1 -1.25
0 1 1 1 -1.40625                   ERROR!
0 0 0 0 1.40625
1 0 0 0 1.21875                   ERROR!
0 1 1 1 -1.09375                   ERROR!
1 0 0 0 0.625                   ERROR!
1 1 1 1 -0.34375
1 1 1 1 -1.09375
1 1 1 1 -1.375
0 1 1 1 -1.0625                   ERROR!
1 0 0 0 1.25                   ERROR!
1 1 1 1 -1.8125
1 1 1 1 -0.375
1 1 1 1 -1.78125
0 1 1 1 -1.3125                   ERROR!
0 0 0 0 0.6875
0 0 0 0 1.1875
0 0 0 0 1.0
0 0 0 0 1.625
1 0 0 0 1.4375                   ERROR!
1 1 1 1 -0.375
1 1 1 1 -0.375
1 0 1 1 -0.6875                   ERROR!
0 1 1 1 -1.3125                   ERROR!
1 0 0 0 1.71875                   ERROR!
0 1 1 1 -0.40625                   ERROR!
0 0 1 0 0.25
0 0 0 0 0.5
1 0 0 0 0.96875                   ERROR!
1 1 0 1 -0.75
0 1 1 1 -1.21875                   ERROR!
0 0 0 0 0.84375
0 0 0 0 1.90625
0 0 1 0 -0.0
1 0 0 0 0.59375                   ERROR!
0 1 1 1 -1.75                   ERROR!
0 0 0 0 0.625
0 0 0 0 0.9375
0 0 0 0 0.65625
0 0 0 0 1.09375
1 0 0 0 0.09375                   ERROR!
1 1 1 1 -1.53125
0 1 1 1 -1.53125                   ERROR!
0 0 0 0 0.96875
0 0 0 0 0.84375
0 0 0 0 0.59375
1 0 0 0 0.34375                   ERROR!
1 1 1 1 -0.96875
0 1 1 1 -1.78125                   ERROR!
0 0 0 0 0.9375
0 0 0 0 1.46875
0 0 0 0 0.6875
0 0 0 0 2.65625
0 0 0 0 0.84375
1 0 0 0 1.28125                   ERROR!
1 1 1 1 -0.40625
0 1 1 1 -1.78125                   ERROR!
0 0 0 0 1.15625
0 0 0 0 0.78125
1 0 0 0 0.59375                   ERROR!
1 1 1 1 -2.0625
0 1 1 1 -1.4375                   ERROR!
1 0 0 0 1.09375                   ERROR!
1 0 0 0 0.78125                   ERROR!
1 1 1 1 -0.75
1 1 1 1 -1.46875
0 1 1 1 -0.59375                   ERROR!
0 0 0 0 1.15625
1 0 0 0 1.0                   ERROR!
1 1 1 1 -0.375
0 1 1 1 -1.34375                   ERROR!
1 0 0 0 0.625                   ERROR!
0 1 1 1 -0.75                   ERROR!
1 0 0 0 1.0                   ERROR!
0 1 1 1 -0.84375                   ERROR!
1 0 0 0 0.875                   ERROR!
1 1 1 1 -1.84375
1 1 1 1 -0.90625
1 1 1 1 -1.375
1 1 1 1 -1.71875
1 1 1 1 -0.28125
0 1 1 1 -1.0625                   ERROR!
1 0 0 0 1.75                   ERROR!
0 0 1 1 -0.9375
0 0 0 0 0.03125
0 0 0 0 0.15625
0 0 0 0 1.5
1 0 0 0 0.40625                   ERROR!
1 1 1 1 -2.125
1 1 1 1 -1.4375
1 1 1 1 -0.90625
1 0 0 0 0.65625                   ERROR!
1 1 1 1 -0.34375
0 1 1 1 -0.59375                   ERROR!
1 0 0 0 1.09375                   ERROR!
0 1 1 1 -0.78125                   ERROR!
0 0 0 0 0.34375
1 0 0 0 0.78125                   ERROR!
0 1 1 1 -1.40625                   ERROR!
1 0 0 0 1.84375                   ERROR!
1 1 1 1 -2.03125
0 1 1 1 -1.3125                   ERROR!
1 0 0 0 1.25                   ERROR!
0 1 1 1 -0.65625                   ERROR!
1 0 0 0 0.21875                   ERROR!
1 0 1 1 -1.375                   ERROR!
1 1 1 1 -0.8125
1 1 1 1 -1.34375
0 1 1 1 -1.125                   ERROR!
0 0 0 0 0.875
0 0 0 0 1.625
0 1 1 0 0.03125                   ERROR!
0 0 0 0 1.65625
0 0 0 0 1.03125
0 0 0 0 1.21875
0 0 0 0 0.96875
0 0 0 0 0.5
0 0 0 0 0.8125
1 0 0 0 0.59375                   ERROR!
0 1 1 1 -0.90625                   ERROR!
1 0 0 0 0.625                   ERROR!
0 1 1 1 -1.125                   ERROR!
1 0 0 0 0.40625                   ERROR!
1 1 1 1 -1.875
0 1 1 1 -1.53125                   ERROR!
0 0 0 0 1.28125
0 0 0 0 0.03125
1 0 0 0 2.0625                   ERROR!
0 1 1 1 -0.65625                   ERROR!
1 0 0 0 0.1875                   ERROR!
1 1 1 1 -1.125
1 1 1 1 -1.34375
1 1 1 1 -0.59375
1 0 1 1 -1.0                   ERROR!
1 1 1 1 -1.25
0 1 1 1 -1.3125                   ERROR!
1 0 0 0 1.125                   ERROR!
0 1 1 1 -0.84375                   ERROR!
1 0 0 0 1.0625                   ERROR!
0 1 1 1 -0.9375                   ERROR!
0 0 0 0 1.96875
0 1 1 1 -0.5625                   ERROR!
1 0 0 0 1.34375                   ERROR!
1 1 1 1 -1.40625
0 1 1 1 -0.40625                   ERROR!
1 0 0 0 0.9375                   ERROR!
0 1 1 1 -0.6875                   ERROR!
0 0 0 0 2.1875
1 0 0 0 1.34375                   ERROR!
1 1 1 1 -1.78125
1 1 1 1 -0.21875
1 0 0 0 1.46875                   ERROR!
1 1 1 1 -0.75
1 0 0 0 1.4375                   ERROR!
0 1 0 0 0.90625                   ERROR!
0 1 0 1 -0.15625                   ERROR!
1 0 0 0 0.03125                   ERROR!
0 1 0 1 -0.09375                   ERROR!
1 1 1 0 0.0
0 1 1 1 -0.6875                   ERROR!
1 0 0 0 1.0                   ERROR!
0 1 1 1 -0.65625                   ERROR!
1 0 0 0 1.78125                   ERROR!
1 0 0 0 1.03125                   ERROR!
1 1 1 1 -0.21875
0 1 1 1 -1.0                   ERROR!
0 1 0 0 0.53125                   ERROR!
0 0 0 0 0.96875
0 0 0 0 0.6875
1 0 0 0 1.15625                   ERROR!
1 1 1 1 -0.625
0 1 1 1 -1.40625                   ERROR!
0 0 0 0 0.84375
1 1 0 1 -0.09375
1 1 1 1 -0.59375
0 1 1 1 -0.59375                   ERROR!
0 0 0 0 0.15625
1 0 0 0 0.625                   ERROR!
1 1 1 1 -0.875
0 1 1 1 -0.6875                   ERROR!
0 1 0 0 -0.0                   ERROR!
1 0 0 0 1.84375                   ERROR!
1 1 1 1 -1.8125
0 1 1 1 -0.6875                   ERROR!
0 0 0 0 0.71875
1 0 0 0 1.34375                   ERROR!
1 1 1 1 -1.15625
0 1 1 1 -1.78125                   ERROR!
1 0 0 0 1.28125                   ERROR!
1 1 1 1 -1.46875
1 1 1 1 -0.71875
1 1 1 1 -1.1875
1 1 1 1 -1.375
0 1 1 1 -0.84375                   ERROR!
0 0 0 0 1.46875
0 0 0 0 0.3125
0 0 1 0 0.1875
1 0 0 0 0.59375                   ERROR!
0 1 1 1 -0.9375                   ERROR!
0 0 0 0 1.875
1 0 0 0 1.40625                   ERROR!
0 1 1 1 -1.28125                   ERROR!
0 0 0 0 1.40625
1 0 0 0 0.71875                   ERROR!
0 1 1 1 -0.375                   ERROR!
1 0 0 0 1.25                   ERROR!
0 1 0 1 -0.15625                   ERROR!
0 0 0 0 1.5
0 0 0 0 1.34375
1 0 0 0 0.71875                   ERROR!
1 1 1 1 -0.375
0 1 1 1 -1.28125                   ERROR!
0 0 0 0 0.3125
0 0 0 0 0.40625
1 0 0 0 1.0                   ERROR!
0 1 1 1 -0.0625                   ERROR!
0 0 1 0 0.03125
0 1 1 1 -0.71875                   ERROR!
1 0 0 0 1.34375                   ERROR!
1 1 1 1 -1.625
1 1 1 1 -0.78125
1 0 1 1 -0.25                   ERROR!
1 1 1 1 -0.75
0 1 1 1 -2.53125                   ERROR!
0 0 0 0 1.34375
1 0 0 0 1.125                   ERROR!
0 1 1 1 -1.09375                   ERROR!
0 0 0 0 1.96875
0 0 0 0 0.875
1 0 0 0 1.28125                   ERROR!
0 1 1 1 -1.65625                   ERROR!
0 0 0 0 0.71875
0 0 0 0 1.25
0 0 0 0 1.21875
0 0 0 0 1.8125
1 0 0 0 1.8125                   ERROR!
1 1 1 1 -1.25
0 1 1 1 -0.90625                   ERROR!
0 0 0 0 0.375
1 0 0 0 2.3125                   ERROR!
1 0 0 0 0.1875                   ERROR!
1 0 1 1 -0.34375                   ERROR!
1 1 1 1 -0.5625
0 1 1 1 -1.09375                   ERROR!
0 0 0 0 1.34375
1 0 0 0 1.03125                   ERROR!
0 1 1 1 -1.96875                   ERROR!
1 0 0 0 0.625                   ERROR!
0 1 1 1 -1.03125                   ERROR!
1 0 0 0 0.65625                   ERROR!
0 1 1 1 -1.5625                   ERROR!
1 0 0 0 0.625                   ERROR!
0 1 1 1 -1.75                   ERROR!
1 0 0 0 0.375                   ERROR!
0 1 1 1 -0.875                   ERROR!
0 0 0 0 1.4375
0 0 0 0 0.3125
0 0 0 0 0.9375
0 0 0 0 1.0
1 0 0 0 1.375                   ERROR!
0 1 1 1 -1.1875                   ERROR!
1 0 0 0 1.3125                   ERROR!
0 1 1 1 -1.3125                   ERROR!
1 0 0 0 0.46875                   ERROR!
1 1 1 1 -0.84375
1 0 0 1 -0.28125                   ERROR!
1 1 1 1 -1.125
0 1 1 1 -0.84375                   ERROR!
1 0 0 0 0.96875                   ERROR!
0 1 1 1 -0.84375                   ERROR!
1 0 0 0 0.40625                   ERROR!
0 1 1 1 -1.1875                   ERROR!
1 0 0 0 1.375                   ERROR!
1 1 1 1 -0.8125
0 1 1 1 -0.90625                   ERROR!
0 0 0 0 0.3125
1 0 0 0 0.96875                   ERROR!
1 1 1 1 -0.625
0 1 1 1 -0.71875                   ERROR!
1 0 0 0 1.15625                   ERROR!
0 1 1 1 -0.8125                   ERROR!
1 0 0 0 1.0                   ERROR!
0 1 1 1 -0.9375                   ERROR!
0 0 0 0 0.8125
1 1 1 0 0.21875
0 1 1 1 -0.65625                   ERROR!
0 0 0 0 0.6875
0 0 0 0 1.53125
1 0 0 0 1.0625                   ERROR!
1 1 1 1 -0.96875
0 1 1 1 -1.65625                   ERROR!
0 0 0 0 0.84375
0 0 0 0 0.90625
1 0 0 0 1.8125                   ERROR!
0 1 1 1 -0.53125                   ERROR!
0 0 0 0 0.71875
0 0 0 0 2.0625
1 0 0 0 0.84375                   ERROR!
1 0 0 1 -0.03125                   ERROR!
1 1 1 1 -0.90625
1 1 1 1 -1.34375
1 1 1 1 -0.875
0 1 1 1 -0.40625                   ERROR!
1 0 0 0 1.125                   ERROR!
0 1 1 1 -0.5625                   ERROR!
0 0 0 0 0.8125
1 0 0 0 1.15625                   ERROR!
0 1 1 1 -1.0                   ERROR!
1 0 0 0 0.375                   ERROR!
1 1 1 1 -0.6875
0 1 1 1 -1.1875                   ERROR!
0 0 0 0 1.125
1 0 0 0 1.28125                   ERROR!
0 1 1 1 -2.03125                   ERROR!
0 0 0 0 1.0625
1 0 0 0 2.0                   ERROR!
0 1 1 1 -0.1875                   ERROR!
0 0 0 0 1.03125
0 0 0 0 0.5
0 0 0 0 1.6875
0 0 0 0 1.65625
0 0 0 0 0.59375
0 0 0 0 1.40625
0 0 0 0 0.65625
0 0 0 0 1.90625
0 0 0 0 0.3125
0 0 0 0 1.6875
0 0 0 0 0.375
1 0 0 0 1.03125                   ERROR!
1 1 1 1 -0.65625
1 1 1 1 -1.90625
0 1 1 1 -2.4375                   ERROR!
1 0 0 0 1.34375                   ERROR!
0 1 1 1 -1.90625                   ERROR!
1 0 0 0 0.96875                   ERROR!
1 1 1 1 -1.21875
1 1 1 1 -0.65625
0 1 1 1 -1.6875                   ERROR!
1 0 0 0 0.8125                   ERROR!
1 1 1 1 -0.59375
0 0 1 1 -0.25
0 0 1 0 0.09375
0 0 0 0 0.875
0 0 0 0 1.09375
1 0 0 0 1.1875                   ERROR!
1 1 1 1 -0.9375
0 1 1 1 -1.15625                   ERROR!
0 0 0 0 1.0625
1 0 1 0 -0.0                   ERROR!
1 1 1 1 -0.65625
1 1 1 1 -0.84375
1 1 1 1 -1.3125
0 1 1 1 -0.6875                   ERROR!
0 0 1 0 0.125
1 0 0 0 1.34375                   ERROR!
1 1 1 1 -0.46875
0 1 1 1 -0.71875                   ERROR!
1 0 0 0 0.375                   ERROR!
0 1 1 1 -0.84375                   ERROR!
0 0 0 0 1.40625
0 0 0 0 0.71875
1 0 0 0 1.53125                   ERROR!
0 1 1 1 -1.65625                   ERROR!
0 0 0 0 1.53125
0 0 0 0 0.78125
0 0 0 0 0.875
1 0 0 0 1.4375                   ERROR!
1 0 0 0 0.09375                   ERROR!
0 1 1 1 -1.8125                   ERROR!
0 0 0 0 0.78125
0 0 0 0 2.15625
1 0 0 0 0.46875                   ERROR!
1 1 1 1 -1.40625
1 1 1 1 -0.9375
1 1 1 1 -1.0625
1 1 1 1 -1.28125
0 1 1 1 -0.625                   ERROR!
0 0 1 0 0.125
0 0 0 0 2.6875
1 0 0 0 0.34375                   ERROR!
0 1 1 1 -0.875                   ERROR!
1 0 0 0 1.71875                   ERROR!
0 1 1 1 -0.34375                   ERROR!
0 0 1 0 0.03125
0 0 0 0 0.84375
0 0 0 0 1.03125
0 1 0 0 0.21875                   ERROR!
1 0 0 0 1.3125                   ERROR!
0 1 1 1 -1.21875                   ERROR!
0 0 1 0 0.03125
1 0 0 0 0.875                   ERROR!
1 1 1 1 -1.25
0 1 1 1 -2.0                   ERROR!
1 0 0 0 1.25                   ERROR!
0 1 1 1 -0.78125                   ERROR!
1 0 0 0 1.1875                   ERROR!
1 1 1 1 -1.8125
0 1 1 1 -1.90625                   ERROR!
1 0 0 0 0.59375                   ERROR!
0 1 1 1 -0.46875                   ERROR!
0 0 0 0 1.15625
1 0 0 0 0.90625                   ERROR!
1 1 1 1 -0.625
1 1 1 1 -0.84375
1 1 1 1 -1.625
0 1 1 1 -1.84375                   ERROR!
1 0 0 0 0.9375                   ERROR!
0 1 1 1 -1.96875                   ERROR!
1 0 0 0 1.21875                   ERROR!
0 1 1 1 -1.375                   ERROR!
0 0 0 0 0.75
1 0 0 0 0.03125                   ERROR!
0 1 1 1 -0.125                   ERROR!
1 0 0 0 0.90625                   ERROR!
0 1 1 1 -1.0                   ERROR!
1 0 0 0 1.0625                   ERROR!
1 1 1 1 -1.0625
1 1 1 1 -0.6875
1 1 1 1 -1.09375
1 1 1 1 -1.1875
0 1 1 1 -1.4375                   ERROR!
0 0 0 0 1.09375
0 0 0 0 1.6875
1 0 0 0 2.0                   ERROR!
1 1 1 1 -0.9375
1 1 1 1 -0.71875
1 1 1 1 -1.4375
1 1 1 1 -1.5625
1 1 1 1 -0.625
0 1 1 1 -1.34375                   ERROR!
1 0 0 0 1.3125                   ERROR!
1 1 1 1 -0.625
0 1 1 1 -1.46875                   ERROR!
1 1 0 0 0.84375
1 1 1 1 -1.4375
0 1 1 1 -0.96875                   ERROR!
1 0 0 0 1.1875                   ERROR!
0 1 1 1 -1.78125                   ERROR!
1 0 0 0 0.78125                   ERROR!
1 1 1 1 -1.5
0 1 1 1 -1.15625                   ERROR!
1 0 0 0 0.78125                   ERROR!
1 1 1 1 -1.53125
0 1 1 1 -0.34375                   ERROR!
1 0 0 0 0.34375                   ERROR!
1 1 1 1 -0.75
0 1 1 1 -0.78125                   ERROR!
1 0 1 0 0.46875                   ERROR!
0 1 1 1 -1.1875                   ERROR!
1 1 0 0 0.0625
1 1 1 1 -0.875
0 1 1 1 -0.8125                   ERROR!
0 0 0 0 0.625
0 0 0 0 1.75
0 0 0 0 0.96875
0 1 0 1 -0.3125                   ERROR!
1 0 0 0 1.28125                   ERROR!
0 1 1 1 -2.09375                   ERROR!
0 0 0 0 0.96875
1 0 0 0 1.0                   ERROR!
1 1 1 1 -1.15625
1 1 1 1 -0.6875
1 0 0 0 0.90625                   ERROR!
1 1 1 1 -3.4375
1 1 1 1 -0.375
0 1 1 1 -1.5                   ERROR!
1 0 0 0 1.65625                   ERROR!
1 1 1 1 -1.75
0 1 1 1 -0.9375                   ERROR!
1 1 1 0 0.125
1 1 1 1 -2.0625
1 1 1 1 -1.65625
0 1 1 1 -0.40625                   ERROR!
0 0 0 0 1.8125
0 0 0 0 0.78125
0 0 0 0 0.1875
1 0 0 0 1.90625                   ERROR!
0 1 1 1 -1.34375                   ERROR!
0 0 0 0 1.53125
1 0 0 0 1.1875                   ERROR!
1 1 1 1 -0.40625
0 1 1 1 -1.90625                   ERROR!
0 0 0 0 0.625
1 0 1 0 0.59375                   ERROR!
1 1 1 1 -1.0625
0 1 1 1 -0.875                   ERROR!
1 0 0 0 2.34375                   ERROR!
1 1 1 1 -0.84375
1 1 1 1 -1.53125
1 0 1 1 -0.28125                   ERROR!
0 0 0 0 0.5625
0 0 0 0 0.90625
0 0 0 0 0.375
0 0 1 0 0.0625
0 0 0 0 0.78125
0 0 0 0 1.53125
1 0 0 0 1.125                   ERROR!
0 1 1 1 -0.5                   ERROR!
1 0 0 0 1.21875                   ERROR!
1 1 1 1 -1.59375
0 1 1 1 -2.5625                   ERROR!
0 0 0 0 2.125
1 0 0 0 1.21875                   ERROR!
0 1 0 1 -0.21875                   ERROR!
1 0 0 0 1.09375                   ERROR!
0 0 0 0 0.84375
1 0 0 0 0.53125                   ERROR!
0 1 1 1 -2.25                   ERROR!
1 0 0 0 1.375                   ERROR!
1 1 1 1 -1.59375
1 0 0 0 0.1875                   ERROR!
0 1 1 1 -1.3125                   ERROR!
1 0 0 0 2.03125                   ERROR!
0 1 1 1 -0.75                   ERROR!
0 1 0 0 0.90625                   ERROR!
1 0 0 0 1.5                   ERROR!
0 1 1 1 -1.125                   ERROR!
0 0 0 0 1.84375
1 0 0 0 1.4375                   ERROR!
1 1 1 1 -0.65625
1 1 1 1 -0.875
1 0 0 1 -0.25                   ERROR!
1 1 1 1 -1.53125
0 1 1 1 -0.59375                   ERROR!
0 0 0 0 0.4375
0 0 0 0 0.9375
1 1 1 1 -0.59375
1 1 1 1 -1.03125
0 1 1 1 -1.09375                   ERROR!
0 0 0 0 1.8125
0 0 0 0 1.1875
0 0 0 0 0.46875
0 0 0 0 0.96875
1 0 0 0 1.4375                   ERROR!
0 1 1 1 -1.6875                   ERROR!
1 0 0 0 1.71875                   ERROR!
1 1 1 1 -0.4375
0 1 1 1 -1.4375                   ERROR!
0 0 0 0 0.28125
0 0 0 0 0.84375
1 0 0 0 0.46875                   ERROR!
0 1 0 1 -0.34375                   ERROR!
0 0 1 1 -0.28125
0 0 0 0 1.0
1 0 0 0 0.71875                   ERROR!
1 1 1 1 -1.90625
1 1 1 1 -0.9375
1 1 1 1 -1.25
1 1 1 1 -0.96875
1 1 1 1 -1.09375
1 1 1 1 -0.40625
1 1 1 1 -1.125
0 1 1 1 -1.5                   ERROR!
0 0 0 0 0.84375
0 0 0 0 1.1875
0 0 0 0 2.03125
0 0 0 0 0.75
0 0 0 0 0.625
0 0 0 0 1.125
1 1 1 1 -0.65625
0 1 1 1 -0.78125                   ERROR!
0 0 0 0 1.15625
1 0 1 0 0.46875                   ERROR!
0 1 1 1 -0.4375                   ERROR!
0 0 0 0 0.90625
0 0 0 0 0.75
0 0 0 0 1.875
1 0 0 0 1.28125                   ERROR!
0 1 1 1 -0.65625                   ERROR!
0 0 0 0 2.125
1 0 0 0 1.25                   ERROR!
1 1 1 1 -1.875
1 0 0 0 0.9375                   ERROR!
1 1 0 1 -0.03125
1 1 1 1 -1.09375
1 1 1 1 -0.9375
1 1 1 1 -0.5
1 1 1 1 -0.1875
1 1 1 1 -1.1875
0 1 1 1 -0.875                   ERROR!
1 0 0 0 0.9375                   ERROR!
0 1 1 1 -1.65625                   ERROR!
1 0 0 0 0.40625                   ERROR!
1 1 1 1 -1.625
0 1 1 1 -0.4375                   ERROR!
0 0 0 0 0.0625
1 0 0 0 1.75                   ERROR!
0 1 1 1 -0.875                   ERROR!
0 0 1 0 0.25
0 0 1 0 0.09375
0 0 0 0 1.5
0 0 0 0 1.71875
1 1 0 1 -0.0625
0 1 0 1 -0.125                   ERROR!
1 0 0 0 0.8125                   ERROR!
1 1 1 1 -1.625
1 1 1 1 -2.3125
1 1 1 1 -1.3125
1 1 1 1 -1.3125
0 1 1 1 -0.96875                   ERROR!
1 0 0 0 1.5625                   ERROR!
0 1 1 1 -0.78125                   ERROR!
0 0 1 0 0.375
0 0 0 0 0.15625
0 1 1 0 0.03125                   ERROR!
0 0 1 0 0.0
0 0 0 0 0.59375
1 0 0 0 0.96875                   ERROR!
0 1 1 1 -1.15625                   ERROR!
1 1 1 1 -0.34375
0 1 1 1 -1.125                   ERROR!
1 0 0 0 1.15625                   ERROR!
0 1 1 1 -1.0625                   ERROR!
1 0 0 0 0.71875                   ERROR!
0 1 1 1 -1.0                   ERROR!
0 0 0 0 1.0625
0 0 0 0 0.65625
0 0 1 0 0.15625
0 0 0 0 0.53125
0 0 0 0 0.90625
0 0 0 0 0.6875
1 0 0 0 1.09375                   ERROR!
0 1 1 1 -1.28125                   ERROR!
0 0 0 0 0.78125
0 0 0 0 1.40625
0 0 0 0 1.15625
1 0 0 0 1.40625                   ERROR!
0 1 1 1 -0.375                   ERROR!
1 0 0 0 0.34375                   ERROR!
0 1 1 1 -0.84375                   ERROR!
0 0 0 0 0.71875
0 0 0 0 0.5625
1 0 0 0 1.0625                   ERROR!
0 1 1 1 -1.9375                   ERROR!
0 0 0 0 1.75
0 0 1 1 -0.03125
1 0 0 0 1.21875                   ERROR!
0 0 1 0 0.25
0 0 0 0 0.375
0 0 0 0 1.21875
0 0 0 0 0.71875
0 0 0 0 0.9375
0 0 0 0 2.09375
1 0 0 0 0.71875                   ERROR!
0 1 1 1 -1.65625                   ERROR!
0 0 0 0 0.84375
0 0 0 0 1.5
0 0 0 0 1.21875
1 0 0 0 1.5                   ERROR!
1 1 1 1 -1.0
1 1 1 1 -1.375
1 1 1 1 -1.375
0 1 1 1 -1.46875                   ERROR!
0 0 0 0 1.03125
0 0 0 0 0.84375
0 0 0 0 1.25
0 0 0 0 0.875
0 0 0 0 1.5
0 0 0 0 1.0
1 0 0 0 1.4375                   ERROR!
0 1 1 1 -1.1875                   ERROR!
0 0 0 0 1.4375
1 0 0 0 0.5                   ERROR!
0 1 1 1 -0.78125                   ERROR!
0 0 0 0 1.0
1 0 0 0 0.71875                   ERROR!
1 1 1 1 -0.875
1 1 0 0 0.65625
0 1 1 1 -0.75                   ERROR!
0 0 0 0 0.8125
1 0 0 0 0.75                   ERROR!
0 1 1 1 -1.25                   ERROR!
1 0 0 0 2.3125                   ERROR!
0 1 1 1 -1.90625                   ERROR!
1 0 0 0 1.375                   ERROR!
1 1 1 1 -0.6875
1 1 1 1 -1.0
1 1 1 1 -0.84375
0 1 1 1 -1.15625                   ERROR!
1 0 0 0 0.28125                   ERROR!
0 1 1 1 -0.5                   ERROR!
1 0 0 0 0.375                   ERROR!
1 1 1 1 -1.03125
0 1 1 1 -0.78125                   ERROR!
0 0 0 0 1.03125
0 0 0 0 1.03125
0 0 0 0 1.78125
0 0 0 0 1.375
1 0 0 0 0.78125                   ERROR!
0 1 1 1 -1.0                   ERROR!
0 0 0 0 0.34375
0 0 0 0 0.78125
0 0 0 0 1.03125
1 0 0 0 1.3125                   ERROR!
1 1 1 1 -1.4375
1 1 1 1 -0.96875
1 1 1 1 -1.125
0 1 1 1 -0.15625                   ERROR!
1 0 0 0 0.8125                   ERROR!
0 1 1 1 -0.75                   ERROR!
0 0 0 0 2.125
0 0 0 0 1.4375
0 0 1 1 -0.21875
0 1 1 1 -0.5                   ERROR!
0 0 0 0 1.3125
0 1 0 1 -0.3125                   ERROR!
1 0 0 0 0.96875                   ERROR!
1 1 1 1 -0.40625
0 1 1 1 -1.25                   ERROR!
1 0 1 0 0.25                   ERROR!
0 1 1 1 -1.0                   ERROR!
0 0 0 0 1.34375
0 0 0 0 1.4375
0 0 0 0 1.125
1 0 0 0 1.78125                   ERROR!
0 1 1 1 -1.09375                   ERROR!
1 0 0 0 0.53125                   ERROR!
0 1 1 1 -0.46875                   ERROR!
1 0 0 0 0.8125                   ERROR!
0 1 1 1 -0.34375                   ERROR!
0 0 1 0 0.0625
1 0 0 0 1.46875                   ERROR!
0 1 1 1 -0.375                   ERROR!
1 0 0 0 1.71875                   ERROR!
1 1 1 1 -1.4375
1 1 1 1 -1.625
1 1 1 1 -1.375
1 1 1 1 -0.71875
1 0 0 1 -0.375                   ERROR!
0 1 1 1 -0.28125                   ERROR!
0 0 0 0 1.03125
0 0 0 0 1.84375
1 0 0 0 1.71875                   ERROR!
1 1 1 1 -1.4375
0 1 0 1 -0.0625                   ERROR!
0 0 0 0 0.875
1 0 0 0 1.125                   ERROR!
1 1 1 1 -0.84375
1 0 1 1 -0.53125                   ERROR!
0 1 1 1 -1.15625                   ERROR!
1 0 0 0 1.71875                   ERROR!
1 1 1 1 -1.625
1 1 1 1 -1.0625
1 1 1 1 -1.71875
0 1 1 1 -0.65625                   ERROR!
1 0 0 0 0.8125                   ERROR!
1 1 1 1 -2.15625
1 1 1 1 -0.75
1 1 1 1 -1.4375
1 1 0 0 0.96875
1 1 1 1 -1.21875
0 1 1 1 -0.53125                   ERROR!
0 0 0 0 0.71875
0 1 0 0 0.75                   ERROR!
1 0 0 0 1.21875                   ERROR!
0 1 1 1 -1.5                   ERROR!
1 0 0 0 1.4375                   ERROR!
1 1 1 1 -0.8125
1 1 1 1 -1.625
1 1 1 1 -1.4375
0 1 1 1 -1.28125                   ERROR!
0 0 0 0 0.4375
1 0 0 0 1.71875                   ERROR!
0 1 1 1 -0.59375                   ERROR!
0 0 0 0 0.71875
1 0 0 0 0.96875                   ERROR!
1 1 1 1 -2.71875
0 1 1 1 -1.46875                   ERROR!
0 0 0 0 1.28125
1 0 0 0 0.375                   ERROR!
1 1 1 1 -0.1875
1 1 0 1 -0.09375
1 1 1 1 -0.96875
0 1 1 1 -1.8125                   ERROR!
0 0 0 0 0.75
1 0 0 0 0.90625                   ERROR!
0 1 1 1 -1.40625                   ERROR!
0 0 0 0 1.0
1 0 0 0 1.375                   ERROR!
1 1 1 1 -1.59375
1 1 1 1 -2.03125
1 1 1 1 -0.6875
1 1 1 1 -0.875
1 0 1 1 -0.78125                   ERROR!
0 0 0 0 1.0625
1 0 0 0 1.125                   ERROR!
0 0 0 1 -0.53125
0 0 0 0 0.8125
1 0 0 0 0.4375                   ERROR!
0 1 1 1 -0.9375                   ERROR!
0 0 0 0 1.53125
0 0 0 0 1.28125
0 0 0 0 1.5
0 0 0 0 0.96875
1 0 0 0 1.625                   ERROR!
1 1 1 1 -1.21875
0 0 0 1 -0.03125
1 0 0 0 1.65625                   ERROR!
0 1 1 1 -1.4375                   ERROR!
1 0 0 0 1.125                   ERROR!
1 1 1 1 -1.28125
0 1 1 1 -1.21875                   ERROR!
0 0 0 0 0.5
1 0 0 0 0.84375                   ERROR!
1 1 1 1 -1.21875
0 0 1 1 -0.3125
1 0 0 0 1.28125                   ERROR!
0 1 1 1 -1.125                   ERROR!
0 0 0 0 1.84375
0 0 0 0 0.90625
1 0 0 0 1.03125                   ERROR!
0 1 1 1 -1.0                   ERROR!
1 0 0 0 0.40625                   ERROR!
0 1 1 1 -1.4375                   ERROR!
0 0 0 0 1.8125
0 0 0 0 1.84375
1 0 0 0 2.0                   ERROR!
1 1 1 1 -0.8125
0 0 0 0 1.9375
0 0 0 0 0.96875
0 0 0 0 1.0625
0 0 0 0 0.96875
0 0 0 0 0.09375
1 0 0 0 1.125                   ERROR!
0 0 0 0 1.09375
0 0 0 0 1.59375
0 0 1 0 0.15625
1 1 1 1 -1.5625
0 0 0 0 1.84375
1 1 1 1 -1.78125
1 1 1 1 -1.40625
0 0 0 0 1.375
0 0 0 0 1.15625
1 1 1 1 -1.0
1 1 1 1 -1.25
0 0 0 0 1.875
0 0 0 0 1.15625
0 0 0 0 0.53125
0 0 0 0 1.90625
0 0 0 0 0.90625
0 0 0 0 1.78125
0 0 0 0 1.0625
1 1 1 1 -1.5
1 1 1 1 -1.34375
1 1 1 1 -0.84375
0 0 0 0 1.46875
1 1 1 1 -0.90625
0 0 0 0 1.25
1 1 1 1 -1.1875
0 0 0 0 1.46875
0 0 0 0 1.25
1 1 0 1 -0.28125
1 1 1 1 -1.53125
1 1 1 1 -2.0
1 1 1 1 -0.96875
0 0 0 0 0.34375
0 0 0 0 0.9375
0 0 0 0 1.1875
1 1 1 1 -1.03125
1 1 1 1 -1.875
0 0 0 0 0.96875
1 1 1 1 -0.625
0 0 0 0 0.5
1 1 1 1 -0.78125
1 1 1 1 -1.78125
1 1 1 1 -0.625
1 1 1 1 -0.71875
0 0 0 0 1.125
0 1 1 1 -0.125                   ERROR!
0 0 0 0 0.5
0 0 0 0 1.34375
1 1 1 1 -0.53125
0 0 0 0 0.9375
1 1 1 1 -2.0
1 1 1 1 -1.28125
1 1 1 1 -1.3125
1 1 1 1 -1.1875
1 1 1 1 -1.59375
1 1 1 1 -1.0625
0 0 0 0 0.5625
0 0 0 0 1.46875
0 0 0 0 1.65625
0 0 0 0 0.9375
0 0 0 0 0.40625
1 1 1 1 -0.5625
0 0 0 0 1.59375
1 1 1 0 0.375
1 1 1 1 -1.03125
1 1 1 1 -0.59375
0 1 0 1 -0.1875                   ERROR!
0 0 0 0 1.0
1 1 1 1 -0.84375
0 0 0 0 0.78125
1 0 1 1 -0.3125                   ERROR!
0 0 0 0 0.6875
0 0 0 0 1.1875
0 0 0 0 0.53125
1 1 1 1 -1.15625
0 0 0 0 1.3125
1 1 1 1 -0.71875
1 1 1 1 -0.375
0 0 0 0 0.375
0 0 0 0 1.4375
1 1 1 1 -1.75
1 1 1 1 -0.15625
0 1 1 1 -1.3125                   ERROR!
1 1 1 1 -1.15625
1 0 1 0 0.40625                   ERROR!
0 0 0 0 0.6875
1 1 1 1 -0.84375
0 0 0 0 0.125
0 0 0 0 0.625
0 0 0 0 1.40625
0 0 0 0 0.53125
0 0 0 0 0.75
1 1 1 1 -1.90625
1 1 1 1 -0.8125
0 0 0 0 1.40625
1 1 1 1 -1.09375
0 0 0 0 1.71875
0 1 0 0 0.34375                   ERROR!
1 1 1 1 -0.9375
1 1 1 1 -1.34375
1 1 1 1 -1.625
0 0 0 0 0.6875
1 1 1 1 -1.0
1 1 1 1 -0.75
0 1 0 0 0.6875                   ERROR!
0 0 0 0 1.125
0 0 0 0 0.5625
1 1 1 1 -2.15625
1 1 1 1 -0.78125
0 0 0 0 1.59375
0 0 0 0 0.875
1 1 1 1 -1.0625
1 1 1 1 -0.4375
0 0 0 0 1.09375
1 1 1 1 -0.65625
0 0 0 0 1.09375
0 0 0 0 1.03125
0 0 0 0 0.625
0 0 0 0 -0.0
0 0 0 0 1.71875
0 0 0 0 1.4375
0 0 0 0 1.9375
0 0 0 0 1.375
1 1 1 1 -1.09375
1 1 1 1 -0.46875
1 1 1 1 -1.25
1 0 1 1 -1.1875                   ERROR!
0 0 0 0 0.84375
1 1 1 1 -1.15625
0 0 0 0 1.8125
0 0 0 0 0.90625
0 0 0 0 1.21875
1 1 1 1 -0.28125
0 0 0 0 0.875
1 1 1 1 -1.5625
0 0 0 0 1.5625
1 1 1 1 -1.125
1 1 1 1 -1.09375
0 0 0 0 0.28125
1 1 1 1 -1.28125
0 0 0 0 1.34375
0 0 0 0 0.4375
1 1 1 1 -1.0625
0 0 0 0 0.75
1 1 1 1 -1.125
1 1 1 1 -1.0
0 1 0 1 -0.25                   ERROR!
0 0 0 0 1.21875
1 1 1 1 -1.28125
0 0 0 0 2.5625
0 0 0 0 1.15625
0 0 0 0 0.78125
0 0 0 0 0.875
0 0 1 0 0.03125
1 1 1 1 -0.71875
1 1 1 1 -1.46875
1 1 1 1 -0.75
1 1 1 1 -0.75
1 1 1 1 -0.84375
0 0 0 0 1.09375
0 0 0 0 0.53125
0 0 0 0 1.0
0 0 0 0 1.15625
1 1 1 1 -0.78125
1 1 1 1 -2.03125
0 0 0 0 0.75
1 1 1 1 -1.0
1 1 1 1 -0.84375
1 1 1 1 -1.9375
0 0 1 0 0.0
1 1 1 1 -1.9375
0 0 0 0 0.40625
1 1 1 1 -0.90625
0 0 0 0 1.3125
0 0 0 0 1.5
1 1 1 1 -0.21875
1 1 1 1 -2.28125
0 0 0 0 0.9375
0 0 0 0 1.78125
0 0 1 0 0.125
0 0 0 0 0.40625
1 1 1 1 -1.59375
1 1 1 1 -1.1875
0 0 0 0 1.90625
1 1 1 1 -0.9375
1 1 1 1 -0.46875
1 1 1 1 -0.40625
1 1 1 1 -0.625
1 1 1 1 -1.71875
0 0 0 0 0.90625
1 1 1 1 -0.90625
0 0 0 0 0.53125
0 0 0 0 1.125
0 0 0 0 1.53125
0 0 0 0 1.59375
0 0 0 0 1.5
0 0 0 0 1.34375
0 0 0 0 1.90625
0 0 0 0 1.3125
1 1 1 1 -0.625
0 0 0 0 1.28125
0 0 0 0 1.0625
1 1 1 1 -1.5
1 1 1 1 -1.90625
0 1 1 1 -0.46875                   ERROR!
0 0 0 0 0.53125
0 1 0 0 0.125                   ERROR!
1 1 1 1 -0.78125
1 1 1 1 -1.21875
1 1 1 1 -0.84375
1 1 1 1 -0.75
0 0 0 0 1.4375
0 0 0 0 0.59375
1 1 1 1 -0.78125
0 0 0 0 1.6875
1 1 1 1 -1.5
0 1 1 0 -0.0                   ERROR!
0 0 0 0 1.9375
0 0 0 0 0.46875
0 0 0 0 1.0
1 1 1 1 -0.96875
1 1 1 1 -0.75
1 1 1 1 -1.65625
1 1 1 1 -1.125
0 0 0 0 0.78125
1 1 1 1 -1.84375
1 1 1 1 -0.9375
0 0 0 0 0.125
0 0 0 0 2.125
0 0 0 0 0.0
1 1 1 1 -1.6875
0 0 0 0 1.21875
1 1 1 1 -0.9375
0 0 0 0 0.6875
0 0 0 0 0.71875
0 0 0 0 0.8125
1 1 1 1 -1.03125
0 0 0 0 0.6875
1 1 1 1 -1.3125
0 0 0 0 1.4375
0 0 0 0 0.75
0 0 1 0 0.21875
1 1 1 1 -1.125
0 0 0 0 0.21875
1 1 1 1 -0.71875
1 1 1 1 -0.9375
1 1 1 1 -0.84375
1 1 0 1 -0.34375
1 1 1 1 -0.71875
1 1 1 1 -0.9375
0 0 0 0 2.0
1 1 1 1 -0.46875
0 0 0 0 1.0
1 1 1 1 -1.78125
1 1 1 1 -1.1875
0 0 0 0 1.5
1 1 1 1 -0.78125
0 0 0 0 0.4375
0 0 1 0 0.40625
1 1 0 1 -0.0625
0 0 0 0 0.625
1 1 1 1 -1.3125
1 1 1 1 -1.59375
0 0 0 0 1.625
0 0 0 0 2.09375
0 0 0 0 0.6875
1 1 1 1 -0.28125
0 0 0 0 2.0625
1 1 1 1 -0.09375
0 0 0 0 1.25
0 0 0 0 1.25
0 0 0 0 0.875
1 1 1 1 -0.90625
0 0 0 0 0.5
1 1 1 1 -1.21875
1 1 1 1 -1.15625
0 0 0 0 0.53125
0 0 0 0 0.96875
0 0 0 0 0.9375
0 0 0 0 0.71875
0 0 0 0 1.03125
0 0 0 0 1.5
1 1 1 1 -1.03125
0 0 0 0 0.90625
1 1 1 1 -1.1875
1 1 1 1 -1.09375
0 0 0 0 1.0
1 1 1 1 -1.71875
1 0 0 0 0.65625                   ERROR!
1 1 1 1 -1.875
0 0 0 0 1.9375
0 0 0 0 1.375
0 0 0 0 1.53125
0 0 0 0 0.53125
0 0 0 0 0.21875
0 0 0 0 0.3125
0 0 0 0 0.6875
0 0 0 0 2.3125
1 1 1 1 -1.4375
0 0 0 0 0.625
0 0 0 0 1.65625
0 0 1 0 0.375
1 1 1 1 -0.96875
1 1 1 1 -1.5625
1 1 1 1 -0.65625
1 1 1 1 -1.71875
1 1 1 1 -0.90625
0 0 0 0 2.03125
0 0 0 0 0.53125
1 1 1 1 -0.96875
0 0 0 0 1.28125
1 1 1 1 -1.59375
1 1 1 1 -0.84375
0 0 1 0 0.6875
0 0 0 0 1.09375
1 1 1 1 -1.1875
1 1 1 1 -0.53125
0 0 0 0 0.8125
1 1 1 1 -0.59375
0 0 0 0 0.6875
1 1 1 1 -0.46875
1 1 1 1 -1.1875
0 0 0 0 0.15625
0 0 0 0 1.15625
1 1 1 1 -1.6875
0 0 0 0 0.65625
1 1 1 1 -0.71875
1 1 1 1 -0.59375
0 0 0 0 0.875
0 1 1 0 0.25                   ERROR!
0 0 0 0 1.65625
1 1 1 1 -1.125
0 0 0 0 0.125
1 1 1 1 -1.1875
0 0 0 0 0.46875
1 1 1 1 -0.84375
1 1 1 1 -1.1875
1 0 0 0 0.25                   ERROR!
0 0 0 0 0.9375
0 0 0 0 1.09375
1 1 1 1 -1.1875
1 1 0 1 -0.15625
1 1 1 1 -1.21875
0 0 0 0 0.8125
0 0 0 0 1.15625
0 0 0 0 1.28125
1 1 1 1 -1.21875
1 1 1 1 -1.09375
1 1 1 1 -1.375
1 1 1 1 -0.25
0 0 0 0 0.5625
1 1 1 1 -0.25
1 1 1 1 -2.25
0 0 1 0 0.0
0 0 1 1 -0.15625
0 0 0 0 0.34375
1 1 1 1 -0.46875
0 0 0 0 1.15625
1 1 1 1 -0.4375
1 1 1 1 -1.875
0 1 0 0 0.5625                   ERROR!
0 0 0 0 0.8125
0 0 0 0 0.78125
0 0 0 0 1.65625
0 0 0 0 1.4375
1 1 1 1 -1.28125
0 0 0 0 0.78125
1 1 1 1 -1.40625
0 0 0 0 0.5
1 1 1 1 -1.8125
0 0 1 0 0.28125
0 0 0 0 0.125
1 1 1 1 -1.8125
0 0 0 0 0.34375
0 0 0 0 1.59375
1 1 1 1 -0.21875
0 0 0 0 1.75
1 1 1 1 -1.40625
1 1 1 1 -1.21875
1 1 1 1 -1.125
0 0 0 0 1.03125
1 1 1 1 -1.03125
1 1 1 1 -0.90625
0 0 0 0 1.0
1 1 1 1 -2.28125
1 1 1 1 -1.46875
0 0 0 0 0.1875
1 1 1 1 -1.6875
1 1 1 1 -1.0625
0 0 0 0 1.125
0 0 0 0 0.6875
1 1 1 1 -1.15625
0 0 0 0 0.78125
1 1 1 1 -1.1875
0 0 0 0 1.21875
0 1 1 1 -0.6875                   ERROR!
0 0 0 1 -0.0625
0 0 0 0 0.90625
1 0 1 1 -0.71875                   ERROR!
0 0 0 0 0.5
1 1 1 1 -1.46875
1 1 1 1 -0.84375
0 0 0 0 1.0625
0 0 0 0 0.9375
0 0 0 0 0.90625
1 1 1 1 -0.90625
1 1 1 1 -2.25
1 1 1 1 -0.75
0 0 0 0 1.46875
1 1 1 1 -1.0
0 0 0 0 0.4375
0 0 0 0 1.625
1 1 1 1 -1.34375
0 0 0 0 1.78125
0 0 0 0 1.59375
1 1 1 1 -0.5
0 0 0 0 0.5625
1 1 1 1 -0.375
1 1 1 1 -1.6875
1 1 1 1 -1.71875
1 1 1 1 -2.3125
0 0 0 0 1.0
1 1 1 1 -2.375
1 1 1 1 -0.96875
1 1 1 1 -0.59375
1 1 1 1 -1.09375
0 0 0 0 0.5
1 1 1 1 -0.46875
1 1 1 1 -0.84375
1 1 1 1 -1.59375
1 1 0 1 -0.03125
0 0 0 0 0.8125
1 1 1 1 -0.9375
0 0 0 0 1.1875
1 1 1 1 -0.90625
1 1 1 1 -1.15625
0 0 0 0 0.6875
0 0 0 0 0.84375
1 1 1 1 -1.34375
1 1 1 1 -1.40625
1 1 1 1 -1.15625
0 0 0 0 1.53125
1 1 1 1 -0.71875
0 0 0 0 1.71875
1 1 1 1 -0.5
1 1 1 1 -1.40625
0 0 0 1 -0.03125
0 0 0 0 1.09375
1 1 0 1 -0.78125
1 1 1 1 -2.25
1 1 1 1 -1.09375
0 0 0 0 1.125
0 0 0 0 0.75
0 0 0 0 0.4375
1 1 1 1 -1.53125
1 1 1 1 -1.59375
0 0 0 0 0.75
0 0 0 0 0.84375
0 0 0 0 0.21875
1 1 1 1 -1.03125
0 0 0 0 2.6875
0 0 0 0 1.8125
1 1 1 1 -0.46875
0 0 0 0 0.375
0 0 0 0 0.6875
1 1 1 1 -0.65625
0 0 0 0 1.6875
0 0 0 0 1.625
0 0 0 0 1.03125
1 1 1 1 -2.53125
1 1 1 1 -1.0625
1 1 1 1 -0.03125
0 0 0 0 1.0
1 1 1 0 0.09375
1 1 1 1 -0.96875
0 0 0 0 0.4375
1 1 1 1 -0.5625
1 1 1 1 -0.9375
0 0 0 0 1.0625
0 0 0 0 0.53125
1 1 1 1 -0.5
1 1 1 1 -1.1875
1 1 1 1 -1.75
0 0 0 0 1.46875
1 1 1 1 -1.65625
1 1 1 1 -1.0625
1 1 0 1 -0.1875
1 1 1 1 -1.21875
1 1 1 1 -1.25
1 1 1 1 -0.625
0 0 0 0 1.9375
1 1 1 1 -1.9375
1 1 1 1 -1.15625
0 0 0 0 1.03125
0 0 0 0 0.96875
1 1 1 1 -0.46875
1 1 1 1 -0.28125
0 0 0 0 0.28125
0 0 0 0 1.59375
1 1 1 1 -1.03125
0 0 0 0 0.8125
0 0 0 0 1.09375
1 1 1 1 -0.65625
1 1 1 1 -0.625
1 1 1 1 -1.65625
1 1 1 1 -1.0625
0 0 0 0 1.9375
1 1 1 1 -0.46875
0 0 0 0 0.90625
0 0 0 0 0.65625
0 0 0 0 1.25
1 1 1 1 -1.8125
1 1 0 0 0.71875
0 0 0 0 1.71875
0 0 0 0 0.625
1 1 1 1 -0.5
0 0 0 0 0.375
0 0 0 0 0.09375
0 0 0 0 1.4375
1 1 1 1 -1.46875
1 1 1 1 -0.5
0 0 0 0 1.1875
0 0 0 0 1.59375
1 1 1 1 -1.28125
0 0 0 0 2.09375
1 1 1 1 -1.0625
1 1 1 1 -0.65625
0 0 0 0 1.40625
0 0 0 0 0.65625
1 1 1 1 -1.40625
0 0 0 0 1.125
1 1 1 1 -0.9375
0 0 0 0 0.8125
1 1 1 1 -1.3125
1 1 1 1 -0.84375
0 0 0 0 1.65625
0 0 0 0 1.59375
0 0 0 0 2.25
1 1 1 1 -0.375
0 1 0 0 1.59375                   ERROR!
0 0 0 0 0.84375
1 1 1 1 -0.6875
1 1 1 1 -1.46875
1 1 1 1 -2.0
0 0 0 0 1.40625
1 1 1 1 -0.8125
0 0 0 0 0.4375
0 0 0 0 2.125
0 0 0 0 0.46875
0 0 0 0 1.4375
1 1 1 1 -1.6875
0 0 0 0 1.65625
1 1 1 1 -1.0
1 1 1 1 -1.375
1 1 1 1 -1.125
0 0 0 0 0.53125
0 0 0 0 0.65625
1 0 0 1 -0.21875                   ERROR!
0 0 0 0 1.34375
1 1 1 1 -1.96875
1 1 1 1 -1.15625
0 1 0 0 0.6875                   ERROR!
1 1 1 1 -1.4375
0 0 1 0 -0.0
1 1 1 1 -0.46875
1 1 1 1 -0.65625
0 0 0 0 1.34375
1 1 1 1 -1.125
0 0 0 0 1.25
0 0 0 0 0.75
0 0 0 0 1.125
1 1 1 1 -1.875
0 0 0 0 0.96875
1 1 1 1 -1.40625
1 1 1 1 -1.3125
1 1 1 1 -1.71875
0 1 1 1 -0.78125                   ERROR!
0 0 0 0 1.90625
1 1 1 1 -0.84375
0 0 0 0 1.09375
0 0 0 0 1.0625
1 1 1 1 -1.875
0 0 0 0 0.875
1 1 1 1 -0.96875
0 0 0 0 1.21875
0 0 0 0 1.1875
1 1 1 1 -1.9375
0 0 0 0 1.15625
0 0 0 0 1.0625
1 0 0 0 0.59375                   ERROR!
0 1 0 0 0.71875                   ERROR!
1 1 1 1 -1.40625
0 0 0 0 1.34375
0 0 0 0 1.0625
0 1 0 0 0.78125                   ERROR!
0 0 0 0 0.0
0 0 0 0 1.6875
1 1 1 1 -1.375
1 1 1 1 -0.71875
0 0 0 0 0.84375
0 0 0 0 2.03125
1 1 0 0 0.3125
1 1 1 1 -2.09375
0 0 0 0 1.09375
0 0 0 0 1.0625
1 1 1 1 -0.375
0 0 0 0 1.0
1 1 1 1 -1.25
1 1 1 1 -1.78125
1 1 1 1 -0.75
1 1 1 1 -1.34375
0 0 0 0 1.3125
1 1 1 1 -1.25
0 0 0 0 0.46875
0 0 0 0 1.1875
0 0 0 0 0.65625
1 1 1 1 -1.40625
1 1 1 1 -0.84375
0 0 0 0 0.25
0 1 0 0 1.375                   ERROR!
1 0 1 0 0.1875                   ERROR!
0 0 0 0 0.96875
0 0 1 1 -0.46875
0 0 0 0 0.5625
0 0 0 0 0.78125
0 0 0 0 1.15625
0 0 0 0 1.15625
0 0 0 0 0.25
0 0 1 0 0.5
1 1 1 1 -0.59375
0 0 0 0 1.09375
0 0 0 0 1.25
1 1 1 1 -1.15625
0 0 0 0 0.96875
3.1875
Errors vivado - decoded matlab:  652
Errors vivado - sent matlab:  664
Errors decoded matlab - sent matlab:  126
Errors Hard Decision:  638
